SYMBOL	logFC_edgeR	PValue	logFC_limma	adj.P.Val	log2FoldChange_DESeq2	padj
A2ML1	-0.309722667	2.28E-06	-0.308240828	0.00386259	-0.316535207	4.85E-05
ABCA4	-0.305080735	4.79E-07	-0.307471581	0.002225681	-0.311634668	3.86E-06
ABHD15	0.3514573	8.40E-05	0.338348187	0.024362138	0.344946652	0.00153471
AC002480.3	-0.381097743	0.001393191	-0.38883104	0.02854151	-0.387816873	0.008896242
AC016735.2	-0.464354408	0.003462554	-0.477871085	0.049008469	-0.47080657	0.031286845
AC090505.6	-0.346429941	0.001013732	-0.341313698	0.028271918	-0.35258612	0.007454367
AC106706.1	-0.352982849	0.000645194	-0.351946176	0.016919801	-0.359418041	0.00544941
ACADM	0.349851658	5.44E-05	0.351208009	0.020332663	0.343718962	0.00083528
ACKR2	-0.244195768	1.67E-05	-0.24357787	0.008482522	-0.250752757	0.000234079
ACKR3	-0.4190369	1.31E-09	-0.423882107	0.000292208	-0.425651428	3.42E-08
ACO1	0.251373365	9.58E-05	0.254545224	0.013953855	0.244808392	0.001625244
ACSF2	-0.206825797	9.39E-05	-0.207078601	0.01359753	-0.213438861	0.000931243
ACTN1	-0.27509538	1.77E-06	-0.274098048	0.003065615	-0.281385275	2.59E-05
ACTN2	0.34017725	0.00050254	0.342332678	0.033944378	0.334038349	0.005939028
ADAM19	-0.463257771	8.05E-09	-0.459141822	0.000843038	-0.470365859	3.42E-07
ADAMTS13	0.313701281	0.000295527	0.30876376	0.032384724	0.307175107	0.003463094
ADARB1	0.520561549	6.74E-17	0.520999267	4.39E-05	0.514053455	8.68E-16
ADCY5	-0.787010206	2.39E-12	-0.776816303	6.54E-05	-0.794062456	5.49E-11
ADGRE2	-0.312093325	9.61E-06	-0.311250702	0.007899012	-0.318988887	0.000234079
ADGRF2	-0.524529689	0.001897128	-0.549205154	0.027590057	-0.531175513	0.012812058
ADM	-0.399336621	1.37E-05	-0.400893673	0.012181985	-0.406285858	0.015282657
ADORA2A	-0.591765564	0.000520636	-0.586440303	0.032383879	-0.598809128	0.010080363
AGGF1	0.231409762	0.000100309	0.232370353	0.014826621	0.225111187	0.000988318
AHNAK2	0.43742264	0.000566334	0.443836491	0.043559703	0.43172383	0.006923428
AIDA	0.211394478	0.000454984	0.212337476	0.030362291	0.205143692	0.005405773
AIM1	-0.351097279	1.36E-06	-0.348308776	0.003755692	-0.358041414	1.61E-05
AJUBA	-0.247384758	3.72E-05	-0.248377938	0.011781261	-0.253843051	0.000353415
AKR1B1	-0.31055501	2.79E-08	-0.310863632	0.000787025	-0.316693979	2.76E-07
AKR1B10	-0.66679585	2.39E-16	-0.660977989	1.73E-05	-0.673333621	4.68E-16
ALDH2	-0.249913535	8.16E-07	-0.249186719	0.002311919	-0.256124166	2.91E-06
ALDH3B1	-0.316763511	1.32E-08	-0.317304706	0.000787025	-0.323366356	2.46E-07
ALDH3B2	-0.247804191	0.000230638	-0.250198403	0.01933817	-0.2541236	0.002695361
ALPL	-0.495237292	6.09E-11	-0.498625142	0.000137246	-0.50177251	4.82E-10
ALPP	-0.504209786	0.00100197	-0.512855652	0.032936857	-0.51076954	0.013678874
AMFR	0.206652408	0.000702623	0.209512895	0.035595305	0.199884059	0.010366429
AMOTL1	-0.219263567	0.000646223	-0.219038486	0.041549122	-0.225959829	0.006038005
AMOTL2	-0.172689965	0.001110104	-0.173257494	0.031397861	-0.179122844	0.003783612
ANGPT4	-0.408329381	5.92E-11	-0.409494779	0.000274274	-0.414534956	4.77E-09
ANKRD50	0.510551072	1.53E-06	0.507285027	0.006371205	0.504367068	3.45E-05
ANKZF1	-0.187713641	0.000160486	-0.187864586	0.014599595	-0.194205973	0.000802228
ANXA6	-0.235745396	1.44E-05	-0.235246347	0.007170702	-0.242460919	0.000220971
ANXA8	-0.494677437	7.13E-12	-0.499421858	0.000168977	-0.501455817	1.12E-10
ANXA8L1	-0.38728002	1.51E-06	-0.388221115	0.002478304	-0.3938279	6.38E-06
AP1S1	-0.190290242	0.00042797	-0.190545359	0.026946352	-0.196922399	0.003463094
APBB1IP	-0.320921388	3.66E-06	-0.317839416	0.006684289	-0.327551233	0.000106705
APOL1	-0.321809742	1.32E-05	-0.319692628	0.006526739	-0.328619096	0.000196094
ARHGAP10	-0.235863412	6.58E-06	-0.23594582	0.005244307	-0.242247864	6.06E-05
ARHGEF10	-0.848332997	3.14E-06	-0.80828404	0.01933817	-0.855539306	2.34E-05
ARHGEF33	-0.49542111	7.26E-07	-0.497654797	0.00195792	-0.502166261	5.26E-06
ARHGEF34P	-0.292309772	9.27E-06	-0.291550745	0.006460571	-0.298980197	0.000250245
ARL6IP5	-0.200394755	2.59E-05	-0.200171693	0.006755703	-0.206967215	3.14E-05
ARPC4	-0.1907739	0.001219857	-0.19122038	0.047937809	-0.197332081	0.012498454
ASPHD2	-0.425648082	0.000140118	-0.419110215	0.01933817	-0.432177618	0.001542018
ATF3	-0.210481854	0.000733318	-0.209969546	0.041549122	-0.216725188	0.007706706
ATG16L2	0.424331154	4.12E-05	0.405321028	0.023242727	0.417655321	0.000634549
ATP1A1	-0.212676882	4.47E-05	-0.212495382	0.006939566	-0.219301453	0.000314739
ATP7B	-0.170550274	0.000597016	-0.170651032	0.022635796	-0.177222209	0.002622777
AVPI1	-0.309468757	8.91E-06	-0.307466874	0.005794211	-0.31589986	6.70E-05
AXIN2	-0.224359487	2.82E-05	-0.223724951	0.008858851	-0.231123318	0.000406083
B4GALT5	-0.224306777	1.29E-05	-0.22373105	0.006266136	-0.231064277	0.000153163
BARX2	-0.380808099	0.001892492	-0.37238533	0.045568856	-0.388003225	0.015128691
BASP1	-0.215495877	7.41E-05	-0.217821101	0.010915702	-0.222001076	0.000832326
BBS10	0.340900643	0.000164015	0.344498227	0.022780703	0.334711722	0.001537418
BBS7	0.356272121	0.000124901	0.35873526	0.018388491	0.35023232	0.001468262
BCAP31	-0.180744273	0.00107876	-0.180910191	0.041549122	-0.18723645	0.009939641
BCAR3	-0.228675735	7.26E-06	-0.227984252	0.005312043	-0.235191969	3.75E-05
BCAT1	-0.216360921	0.000118797	-0.216947497	0.016686189	-0.222961764	0.000523188
BCL2L1	-0.254881049	1.35E-06	-0.257332102	0.002754969	-0.261407465	1.57E-05
BEX3	-0.233744775	0.000276244	-0.233106964	0.029983238	-0.240599548	0.004532611
BHLHE40	-0.212791705	0.001135849	-0.215308717	0.047163422	-0.219500826	0.010071342
BHLHE41	-0.280277922	2.69E-05	-0.279450192	0.011704067	-0.286536505	0.00027987
BIRC7	-0.57991048	4.39E-05	-0.597726021	0.007752213	-0.586205582	0.000358826
BLCAP	-0.264926632	7.68E-06	-0.264411436	0.006892001	-0.271736108	0.000236084
BMP2K	0.280313064	0.00092041	0.282357235	0.047860668	0.27369672	0.010555304
BTBD16	-0.337639646	1.76E-05	-0.333667379	0.008400972	-0.344218366	0.000147571
C14orf80	0.318370959	0.000420166	0.306085121	0.04306952	0.311901294	0.005869968
C18orf54	0.248085869	0.000314875	0.248655779	0.021423298	0.241468765	0.003188921
C1orf198	-0.22896794	3.25E-06	-0.229621505	0.003352051	-0.235422553	1.20E-05
C1orf21	-0.216076106	6.34E-05	-0.215865588	0.012078867	-0.222542665	0.00041334
C2CD5	0.271932445	6.62E-05	0.27145109	0.019326339	0.265382449	0.001129309
C3	-0.377512297	0.000256879	-0.39226912	0.017336771	-0.383947757	0.002064364
C3orf52	-0.323252583	8.99E-09	-0.321993007	0.00065772	-0.330092654	2.50E-07
C4orf33	0.406749379	0.000131218	0.414118537	0.023811578	0.400527891	0.001393354
C6orf141	-0.291256238	0.000983138	-0.295755959	0.027203074	-0.29775862	0.00583676
C7orf50	0.197249468	0.000734178	0.197328862	0.042522136	0.190560454	0.016310333
CA2	-0.344010546	4.11E-05	-0.341757428	0.013986159	-0.350390825	0.000381249
CACNA1D	-0.544008491	0.000293307	-0.530636435	0.020645638	-0.551084841	0.003289338
CACNA1S	-0.405149468	3.83E-07	-0.413061012	0.001587403	-0.411692022	3.05E-06
CALB2	-0.450952071	6.01E-08	-0.443568016	0.001761726	-0.458274431	3.31E-06
CALHM2	-0.282801142	0.000112947	-0.281950823	0.016125737	-0.289516538	0.002077058
CAPN5	0.454418777	4.93E-07	0.45982338	0.002828163	0.447789077	1.51E-05
CARMIL2	-0.301615697	2.67E-05	-0.30893681	0.006465404	-0.308350428	0.000156229
CASC10	-0.239175851	7.17E-05	-0.240473837	0.010338853	-0.245669054	0.00041457
CASC4	0.234980758	9.06E-05	0.235839227	0.017771241	0.228224397	0.002265687
CASP14	-0.831472599	4.19E-25	-0.830661604	4.13E-06	-0.838146133	1.83E-22
CASQ1	-0.328716679	2.50E-07	-0.325491048	0.00188081	-0.335513596	3.81E-06
CBLC	-0.227685518	0.000322333	-0.228281002	0.022733853	-0.234209167	0.001942497
CCDC113	-0.405962888	1.74E-11	-0.405262958	0.000181544	-0.412802837	9.82E-10
CCDC121	0.463687699	0.000142525	0.471416046	0.024917452	0.457564765	0.00153471
CCDC14	0.234336716	0.000293999	0.234695742	0.03080141	0.227877096	0.003377404
CCDC141	-0.412935745	2.46E-05	-0.411081489	0.009867849	-0.419471319	0.00022031
CCDC153	0.480872624	0.001261671	0.491872323	0.04599611	0.475217365	0.015874837
CCDC80	-0.385214326	9.11E-06	-0.381300765	0.005097162	-0.391790273	5.93E-05
CCL28	-0.550212357	0.000497676	-0.581446714	0.020586276	-0.556987963	0.003917772
CCND1	-0.266027406	0.00023768	-0.273212905	0.024956856	-0.271876785	0.002827242
CCNYL1	0.261848774	6.35E-06	0.260996069	0.006066528	0.255351281	0.000121767
CCPG1	0.394672601	6.66E-06	0.39806195	0.010440654	0.388334622	0.000141644
CD55	-0.186621855	0.00025493	-0.185884354	0.015714814	-0.193213039	0.001002373
CD68	-0.444665646	0.000459992	-0.449771123	0.020339095	-0.451376527	0.00831171
CD9	-0.166378229	0.001710719	-0.165904351	0.049623518	-0.173064506	0.013584629
CDC42EP1	-0.332491706	0.00027609	-0.335723298	0.018603059	-0.338589802	0.002470856
CDC7	0.290430002	0.000764572	0.292745533	0.046924383	0.284178197	0.007809611
CDH5	-0.310465141	1.78E-08	-0.309710663	0.000815668	-0.317227961	7.99E-07
CDK14	-0.247922669	4.64E-06	-0.247234596	0.00413951	-0.2543407	1.29E-05
CDK2	-0.188190815	0.000131886	-0.188033007	0.012929739	-0.194790003	0.00027987
CDYL	-0.184993562	0.001061823	-0.183473843	0.043453889	-0.191446525	0.00649508
CDYL2	-0.287384604	4.34E-07	-0.287106355	0.002299963	-0.29390147	2.62E-06
CEBPD	-0.484089666	4.79E-11	-0.490366399	0.000301317	-0.490248569	2.70E-09
CELSR3	0.397885682	0.000923946	0.405158222	0.043788229	0.390901176	0.011158256
CEP170B	0.220857395	0.000172176	0.218520908	0.024362138	0.214395007	0.003279579
CEP55	0.320425261	5.46E-05	0.323465323	0.010561544	0.314208575	0.000630438
CEP85	-0.167790889	0.00046928	-0.16719928	0.020586276	-0.174335143	0.000988318
CERS5	-0.204314495	3.66E-05	-0.204066323	0.008400972	-0.211009398	0.00021016
CHD3	-0.184411932	0.000397812	-0.184168379	0.024532747	-0.190983061	0.003450136
CHRNA5	0.590738681	0.000145163	0.581014625	0.034947921	0.58467812	0.00322626
CHSY1	-0.183758789	0.000998673	-0.182550597	0.043295523	-0.190449037	0.009416897
CITED2	-0.272822619	1.10E-05	-0.273891705	0.007482794	-0.279241525	0.000257762
CKAP4	-0.22600019	0.00013334	-0.227587877	0.017514353	-0.232571502	0.001523688
CLCN3	0.22577986	0.000317702	0.225633987	0.030844321	0.219227236	0.004835343
CLDN19	-0.543369076	6.67E-07	-0.527617569	0.004603985	-0.550901489	1.13E-05
CLDN4	0.245225408	3.11E-05	0.243007601	0.010026802	0.238914475	0.00088708
CLEC1A	-0.388406327	2.93E-06	-0.385443255	0.005312043	-0.39528257	6.74E-05
CLIC3	-0.355356618	9.63E-07	-0.354580819	0.004150501	-0.361494984	2.37E-05
CLSTN3	-0.16589732	0.001599252	-0.166856308	0.046945138	-0.172465275	0.012587791
CLU	-0.405334918	7.30E-07	-0.403432914	0.003780269	-0.412195817	3.75E-05
CMIP	-0.25153185	3.97E-05	-0.250795723	0.012502428	-0.258233049	0.000819431
CNDP2	-0.151961149	0.002377951	-0.151674969	0.044521078	-0.158604556	0.010555304
CNGB1	0.34437338	0.000211567	0.340472563	0.027118457	0.33785353	0.002858538
CNKSR3	0.62378001	0.00050355	0.628694375	0.047937809	0.618003886	0.012476685
CNTRL	-0.247960139	0.000291991	-0.246692696	0.030005505	-0.25479329	0.004037635
COL16A1	-0.360132516	1.74E-08	-0.364363608	0.000980759	-0.36660617	2.07E-07
COL17A1	-0.417808041	1.40E-13	-0.416436199	8.97E-05	-0.424818695	4.18E-12
COL6A3	-0.281811725	8.54E-05	-0.280799795	0.018322989	-0.288965016	0.001121761
COL9A2	-0.527458096	7.43E-11	-0.533265466	0.000154039	-0.534212379	3.12E-10
COLQ	-0.391431212	2.85E-08	-0.390051919	0.000587451	-0.397986242	1.00E-07
COQ5	0.17521069	0.001636867	0.176354388	0.049397019	0.168595818	0.01985902
CORO1C	-0.170184355	0.001371118	-0.170878071	0.041549122	-0.176874634	0.008501993
COTL1	-0.224488923	0.000297198	-0.223780201	0.026582602	-0.231069571	0.004578282
CPD	0.298167867	9.35E-06	0.29972672	0.009776484	0.291437756	0.000327323
CREB3L2	-0.231528841	4.63E-05	-0.230476107	0.01204177	-0.238396463	0.000615616
CREM	-0.251659193	0.001018087	-0.246945262	0.038079095	-0.258317483	0.006415842
CRISPLD2	-0.245484671	4.80E-05	-0.243334694	0.013358379	-0.251953151	0.00087672
CRYAB	-0.556478634	0.000365705	-0.56294583	0.020339095	-0.563294934	0.005006047
CSF1	-0.471105936	0.000539686	-0.476936877	0.023858559	-0.478068337	0.004800895
CSF2RB	-0.47243242	7.32E-08	-0.472716174	0.000925048	-0.479182402	7.10E-07
CSH2	-0.456785518	0.0014221	-0.455573852	0.043181165	-0.463907909	0.0112134
CSRNP1	-0.258147671	4.16E-06	-0.257373384	0.004603985	-0.264778396	5.93E-05
CTB-25B13.12	0.365347995	0.000629707	0.35834756	0.043453889	0.358352307	0.009045649
CTC-501O10.1	-0.659345312	0.000342046	-0.651154313	0.027114243	-0.666743801	0.00424051
CTD-2008P7.9	-0.495829831	0.000291776	-0.488165892	0.020416997	-0.502994309	0.005893835
CTD-2535L24.2	-0.3024501	3.29E-05	-0.30048408	0.012799629	-0.309368919	0.000690994
CTNNA1	-0.161056039	0.001695926	-0.160354026	0.041728212	-0.167664533	0.00630999
CYB5R1	-0.209293376	0.000497714	-0.212370051	0.031854853	-0.215300512	0.005939028
CYCS	0.216676839	0.000945863	0.219161057	0.049008469	0.210514431	0.009800226
CYP11A1	-0.297267964	4.24E-08	-0.297579619	0.001102407	-0.303808197	1.36E-06
CYP1A1	-0.54075355	1.40E-07	-0.54308166	0.000925048	-0.546960494	1.29E-06
CYP20A1	0.32619329	5.97E-05	0.326544884	0.012344246	0.319859428	0.000692113
CYP4F22	-0.562924388	0.000361374	-0.536881193	0.023247704	-0.570441509	0.003309672
CYR61	-0.451940747	2.42E-08	-0.452305136	0.001645191	-0.457694498	2.69E-07
DAP	-0.198098968	0.000166627	-0.198675266	0.016637506	-0.204456128	0.001171824
DAPK3	-0.216997595	0.000881192	-0.217359006	0.044521078	-0.222949994	0.007809611
DDA1	-0.192240311	0.001112861	-0.193656077	0.043514965	-0.198778833	0.012587791
DDB1	-0.243626903	1.28E-05	-0.243179464	0.005095474	-0.250640089	0.000135167
DDX41	-0.15797761	0.001815968	-0.157717375	0.046945138	-0.164487327	0.01018164
DENND1A	-0.234504246	8.55E-06	-0.234695343	0.005604485	-0.240863911	6.84E-05
DENND5A	-0.181863285	0.000340686	-0.181335658	0.022302895	-0.188368453	0.001542018
DFFB	-0.273863663	0.001977898	-0.271742046	0.043033129	-0.280663452	0.0148049
DGKD	-0.293293083	4.64E-06	-0.296491347	0.005435285	-0.299472253	6.85E-05
DHRS3	-0.416720824	2.23E-06	-0.416189522	0.004419633	-0.423187941	4.76E-05
DHX29	0.275884068	0.00031501	0.275812331	0.036422678	0.269264423	0.004741724
DIRC2	-0.176285003	0.00078698	-0.175573254	0.036167029	-0.182854835	0.004989299
DLX5	-0.292750559	2.14E-07	-0.290840233	0.002038849	-0.299629367	6.87E-06
DNAJC24	0.279901839	0.001034931	0.280757039	0.044362702	0.273588579	0.008241432
DNAJC6	-0.279321205	4.59E-06	-0.278478485	0.005312043	-0.285768202	3.07E-05
DNMT1	-0.229200453	0.000116291	-0.229454029	0.016802122	-0.235773373	0.001225246
DNMT3L	-0.191552702	0.001105019	-0.193442209	0.043559703	-0.197975522	0.012427474
DPEP1	-0.416214495	4.10E-10	-0.417546423	0.000496388	-0.422465421	9.20E-09
DPF3	-0.253297922	5.91E-05	-0.251280092	0.009869746	-0.259987191	0.00046758
DPP7	-0.467600248	1.00E-08	-0.471039767	0.001334791	-0.473365772	2.28E-07
DPY19L1	0.286852968	0.001196064	0.290975028	0.04253738	0.280602215	0.011391805
DSE	-0.257464409	2.85E-05	-0.255619704	0.009390923	-0.264059511	0.00024194
DUSP16	-0.202299949	0.002351177	-0.199998802	0.049563948	-0.208685144	0.011587686
DUSP4	-0.697618552	1.67E-16	-0.693119212	1.73E-05	-0.704537014	1.72E-15
DUSP7	-0.307112962	0.000242546	-0.304399154	0.032869597	-0.31430155	0.003759273
DUSP9	-0.308158817	3.95E-05	-0.306691785	0.010243271	-0.314995506	0.000630438
DYX1C1-CCPG1	0.373795063	7.21E-05	0.377889606	0.022628758	0.367611668	0.000988318
EAF1	-0.19521029	0.000145035	-0.194666229	0.015178541	-0.201538228	0.000443704
ECM1	-0.37801132	3.01E-05	-0.376332773	0.006500283	-0.38481729	0.000312043
ECM2	-0.655911155	4.21E-05	-0.659930442	0.010026802	-0.662696779	0.00078002
EDEM2	-0.276634143	2.14E-06	-0.277852614	0.004127542	-0.282882011	4.68E-05
EDN2	-0.678238982	9.17E-06	-0.6917212	0.001961527	-0.685242278	0.000188609
EFR3A	0.356207022	4.06E-06	0.363714186	0.006771899	0.349259647	0.000159355
EIF3B	-0.19205191	0.000111998	-0.19189637	0.010482491	-0.198353503	0.00042636
EIF4H	-0.161859366	0.001574248	-0.161248198	0.039489395	-0.168496725	0.01018164
ELF4	-0.163600335	0.001338473	-0.163063431	0.043033129	-0.170355054	0.01018164
ELMSAN1	-0.162642876	0.001406818	-0.162417974	0.043295523	-0.169106324	0.004590905
ELOVL5	0.202485717	0.00013473	0.202610908	0.016977345	0.196028225	0.001347372
ELP4	0.278509476	0.00102348	0.279186819	0.043033129	0.272116007	0.010555304
EMILIN2	-0.204163982	0.000615657	-0.20601575	0.035890974	-0.210199447	0.004800895
ENDOD1	0.235734265	0.001279062	0.241053522	0.046309647	0.228915923	0.014996633
ENDOU	-0.610476552	0.002173453	-0.633462887	0.035334623	-0.617366467	0.019955376
EPAS1	-0.234849937	4.63E-05	-0.234894227	0.010514037	-0.241201771	0.000489606
EPB41L3	0.176497789	0.001589681	0.176801534	0.048374237	0.170137654	0.014102269
EPHA2	-0.890443518	1.20E-08	-0.885993417	0.000424785	-0.897867811	1.15E-06
EPS8L1	-0.275581918	6.46E-06	-0.277406224	0.006131894	-0.281684367	9.06E-05
ERRFI1	-0.192957273	0.001036687	-0.191765007	0.041549122	-0.199290634	0.00583676
ETAA1	0.317259706	3.49E-05	0.320779296	0.008683663	0.31087618	0.00039669
ETS2	-0.358936502	1.73E-11	-0.358500571	0.000168977	-0.365814551	3.47E-10
ETV4	-0.527219306	9.14E-13	-0.526838114	4.39E-05	-0.533830279	1.92E-12
ETV5	-0.52695301	0.002220769	-0.538243613	0.03776183	-0.533380282	0.021729901
EXOSC5	-0.170636912	0.001230235	-0.171284955	0.040583049	-0.177190324	0.007410292
EXT2	0.170460007	0.000914406	0.171019673	0.036140959	0.163888376	0.009032948
FAM110A	-0.271609851	2.66E-05	-0.273206337	0.008372809	-0.278125852	0.000352035
FAM129B	-0.184543054	0.000998617	-0.184514574	0.042202499	-0.190895786	0.010240653
FAM160B2	-0.21547279	0.000367385	-0.219189993	0.024917452	-0.221935788	0.002759723
FAM210B	0.204396437	0.000337128	0.203755489	0.028327803	0.197757415	0.009225875
FAM234A	0.221435688	1.84E-05	0.220997612	0.008372809	0.214876805	0.000409502
FAM43A	-0.265456067	7.36E-05	-0.268483877	0.013734592	-0.272034886	0.001542018
FAM47E-STBD1	-0.310126395	2.72E-07	-0.310230204	0.002229922	-0.316719848	5.54E-06
FAM83G	-0.205185291	0.000128442	-0.205183706	0.015690329	-0.21181542	0.001148426
FAM83H-AS1	-0.543294942	0.000190575	-0.533794567	0.029192116	-0.55060413	0.001785852
FAM89A	-0.351985344	4.15E-12	-0.352155797	0.000118623	-0.358628671	4.29E-12
FANCE	-0.168397393	0.001554983	-0.167863055	0.049623518	-0.175090044	0.014359728
FAXDC2	0.357373225	0.000104117	0.355309297	0.018987836	0.350729708	0.002077058
FBLIM1	-0.262426117	0.00161478	-0.258455885	0.048998013	-0.268865481	0.009823269
FBXO41	-0.200360592	0.001570655	-0.200083558	0.046620948	-0.206811026	0.008367471
FBXO5	0.258476531	0.000352662	0.259102435	0.021655259	0.252135746	0.002805263
FER1L4	-0.379853399	1.10E-08	-0.382749573	0.001043387	-0.386181716	1.59E-07
FGD3	-0.512932578	8.59E-16	-0.511863886	1.73E-05	-0.519501248	4.60E-16
FGFR1	-0.187400532	0.000223899	-0.187041031	0.013986159	-0.194143237	0.001606693
FGFR2	-0.191627695	0.000356031	-0.191295486	0.025022348	-0.1981154	0.001910663
FHDC1	-0.258267252	5.86E-05	-0.259316009	0.012740631	-0.264772269	0.000429108
FHL2	-0.198591179	0.000462373	-0.197436666	0.031152615	-0.205216729	0.003421671
FJX1	-0.318406245	0.000528141	-0.317479036	0.021577778	-0.32505787	0.004193963
FLNA	-0.209139329	6.73E-05	-0.208834942	0.008400972	-0.215765756	0.000400714
FLOT2	-0.23681515	1.32E-05	-0.236303281	0.006755703	-0.243560924	0.000257762
FNBP1	0.207601405	0.000429584	0.208323213	0.027480425	0.201216269	0.004578282
FOSL2	-0.331060492	3.89E-09	-0.331271361	0.00047358	-0.33769151	7.64E-08
FOXO1	-0.367876241	6.23E-09	-0.368230063	0.000776426	-0.37446612	2.71E-07
FPGT	0.362300323	0.000177368	0.3642857	0.031397861	0.355760297	0.001934513
FRMD4A	-0.265792911	2.70E-05	-0.263334606	0.011287865	-0.272830862	0.000749304
FXYD3	-0.283559089	1.52E-05	-0.281613377	0.007166381	-0.290145993	9.45E-05
FYTTD1	0.352976625	7.44E-07	0.354083345	0.003141661	0.346549916	9.32E-06
FZD1	0.360596881	0.000445769	0.364496065	0.034344125	0.354571154	0.00550518
FZD3	0.31406997	0.000341394	0.316926712	0.025783315	0.307526518	0.00379533
FZD5	-0.190339652	0.000297324	-0.190013142	0.018037137	-0.197092693	0.001542018
GAB2	-0.369610369	3.91E-13	-0.369429789	7.84E-05	-0.376180645	5.86E-13
GABARAPL1	-0.282916355	1.18E-06	-0.281656241	0.002965331	-0.289586436	1.42E-05
GADD45A	-0.203946232	0.000712519	-0.202257171	0.043295523	-0.210029836	0.003917772
GALNT1	0.300666325	4.87E-05	0.300349591	0.01933817	0.294219418	0.000768099
GALNT10	0.277009876	0.000403749	0.279838862	0.022628758	0.270616497	0.004458415
GALNT7	0.215256739	0.000438016	0.21567397	0.032383879	0.208619406	0.005572324
GAREM1	-0.294300397	0.000110866	-0.294408658	0.014037106	-0.300782542	0.000809143
GAS7	-0.385207653	1.30E-05	-0.381677442	0.00427186	-0.39174805	0.000125393
GATA2	-0.212933285	5.19E-05	-0.213838214	0.007304518	-0.219495033	0.000281437
GATA3	-0.184904768	0.001108713	-0.185205272	0.036422678	-0.191627024	0.010276767
GBP2	-0.450846554	1.30E-08	-0.449219288	0.00065772	-0.457353428	7.64E-08
GCH1	-0.321088062	7.44E-10	-0.32038569	0.00030726	-0.327482515	1.06E-09
GCN1	-0.148653714	0.002721111	-0.148385226	0.043295523	-0.155240623	0.009032948
GCNT1	-0.207055955	0.00027879	-0.206075786	0.024917452	-0.213777529	0.002168097
GDF15	-0.349633071	1.20E-07	-0.349518047	0.002038849	-0.356148205	4.55E-06
GDPD2	-0.538654931	4.25E-07	-0.531767837	0.002229922	-0.545479111	5.54E-06
GEN1	0.218592047	0.001347012	0.218479402	0.044747077	0.211970772	0.012339236
GFOD2	-0.177928942	0.001969167	-0.178932912	0.043453889	-0.184645715	0.009032948
GGA2	-0.141751407	0.00244912	-0.141858298	0.048465107	-0.148253361	0.004555638
GH2	-0.405645506	1.56E-10	-0.407444759	0.000207712	-0.41228931	7.75E-09
GJA5	-0.43539294	0.000231214	-0.427180405	0.030021126	-0.442584042	0.002064364
GLB1L2	-0.382563503	1.21E-08	-0.379388913	0.000624946	-0.38933538	1.43E-07
GLI3	-0.289136227	2.11E-05	-0.28530992	0.010338853	-0.2960859	0.000353415
GMEB1	-0.228993464	0.00041987	-0.228901987	0.022257394	-0.235454603	0.003297211
GMEB2	-0.20805263	0.000207982	-0.209144596	0.016686189	-0.214607639	0.001310816
GOLGA2	-0.204613769	0.00030495	-0.20421009	0.024917452	-0.211012051	0.002556241
GPR180	0.356823664	6.23E-05	0.356917597	0.013017929	0.350424189	0.000949789
GPRC5A	-0.576327453	2.34E-07	-0.588999032	0.001405055	-0.581882772	0.001812793
GPRC5B	-0.296021736	0.00020488	-0.298028103	0.014960152	-0.30289217	0.001317421
GRAMD1B	-0.350185944	1.11E-06	-0.349136721	0.002533537	-0.357057103	3.14E-05
GRB10	-0.211645102	4.20E-05	-0.21049059	0.010026802	-0.218096407	0.000220603
GRIK4	-0.655973064	5.37E-10	-0.6483558	0.000181544	-0.663158593	7.75E-09
GRM4	-0.30993469	1.22E-08	-0.311110806	0.000787284	-0.316381376	1.59E-07
GUCA2A	-0.665990526	3.10E-07	-0.661762041	0.001043387	-0.672932662	3.80E-06
GYG2	-0.218796078	1.62E-05	-0.219223627	0.006578822	-0.225197046	5.93E-05
GYS1	-0.185922722	0.000391505	-0.185519273	0.025059367	-0.19245538	0.00309485
HAPLN3	-0.325854281	2.15E-07	-0.324819693	0.002311919	-0.33259458	1.07E-05
HAS3	-0.708851176	4.88E-07	-0.699113785	0.001837899	-0.71564364	6.02E-06
HAVCR1	-0.478475329	8.93E-18	-0.478401769	1.73E-05	-0.485312839	1.10E-16
HDGF	-0.231212376	2.70E-05	-0.230984796	0.007166381	-0.237934397	0.000403412
HDHD2	0.277252848	0.000980317	0.278982096	0.045687681	0.271007954	0.008642056
HERC3	-0.252322311	0.000335074	-0.250359439	0.031397861	-0.258874483	0.003571202
HES1	-0.52685574	9.82E-06	-0.525186197	0.004330264	-0.533710543	0.000205969
HEY1	-0.298753326	2.77E-07	-0.29846545	0.002225681	-0.30523642	3.13E-06
HK2	-0.244332277	0.000663114	-0.243676554	0.041549122	-0.250792335	0.006043658
HMGB3	-0.364111434	1.45E-11	-0.363467488	0.000168977	-0.370508903	2.00E-10
HMGN4	0.235284799	0.000471281	0.237476753	0.034409942	0.229158062	0.004421521
HN1L	-0.16699901	0.000631805	-0.166814105	0.025666512	-0.173561404	0.002941105
HNRNPA1P48	-0.192591278	0.001262189	-0.193464683	0.048943444	-0.199078905	0.015038087
HPDL	-0.239120607	0.002002136	-0.246402101	0.043295523	-0.245715217	0.010372375
HSPA2	-0.220385318	0.000229068	-0.220624255	0.024490126	-0.226954461	0.003581111
HSPB8	-0.405657359	5.87E-13	-0.407463976	0.000100717	-0.411920798	8.61E-12
HSPD1P6	-0.541265761	4.44E-06	-0.544686359	0.003453421	-0.547714584	3.89E-05
IGIP	0.378945922	0.000249407	0.38303004	0.029389987	0.373107182	0.00249184
IL1RAP	0.247593977	0.00047306	0.248773331	0.026946352	0.24140911	0.003988082
IL2RB	-0.518796186	1.08E-10	-0.522180108	0.000181544	-0.525396394	5.18E-09
IL6	-0.99385651	5.94E-09	-0.986432962	0.000301317	-1.000060373	3.65E-08
ING1	-0.243671763	3.68E-05	-0.244059732	0.010440654	-0.249868712	0.000329692
INPP5D	-0.392376515	3.01E-05	-0.386809054	0.011268394	-0.399759491	0.00041334
IPO4	-0.157087018	0.001484447	-0.157340715	0.04253738	-0.163572065	0.005332173
IPPK	-0.28056471	6.39E-06	-0.280248024	0.004769712	-0.287047968	3.14E-05
IQCJ-SCHIP1	-0.305699779	1.11E-06	-0.306009342	0.002804184	-0.312025532	8.07E-06
IRF2BP2	-0.234046727	2.24E-05	-0.234050781	0.008655843	-0.24079364	0.00022031
IRF8	-0.407019153	1.55E-06	-0.411500102	0.002275655	-0.413470391	1.43E-05
IRX2	-0.283516625	5.08E-07	-0.283653641	0.002574896	-0.289953598	6.04E-06
ISG15	-0.344223106	0.000115718	-0.338615484	0.015208857	-0.350777366	0.00109996
ISM2	-0.363287157	4.86E-10	-0.362992396	0.000357173	-0.369601715	1.61E-08
ITGA6	-0.211568556	2.30E-05	-0.2115895	0.00609469	-0.218170181	6.79E-05
ITGAM	-0.405904973	2.02E-12	-0.404764602	0.000113026	-0.412549015	4.33E-12
ITGB4	-0.244149706	4.80E-07	-0.244356058	0.001230902	-0.25069614	3.65E-07
ITIH5	-0.314492059	2.13E-05	-0.311512188	0.006266136	-0.320957617	0.000118991
ITSN1	-0.18254478	0.001053974	-0.183151585	0.041549122	-0.188866375	0.0072667
JADE2	-0.215484494	0.000929519	-0.2205928	0.041728212	-0.221902107	0.007583719
JMJD6	-0.25251315	0.001259968	-0.250912707	0.044747077	-0.258990981	0.009891206
KANK4	-0.618050401	7.05E-07	-0.6395152	0.002533537	-0.624019533	4.46E-06
KCNAB2	-0.239484306	4.54E-05	-0.241117453	0.006939566	-0.246223621	0.000257762
KCNJ5	-0.386231374	0.00040039	-0.385283266	0.017774117	-0.392745511	0.003716542
KCNK1	-0.188176758	0.000429548	-0.187858788	0.027098079	-0.194683681	0.002331707
KCNK5	-0.20308856	0.000872892	-0.203794839	0.02588886	-0.209788392	0.004256931
KCNS1	-0.506386106	7.68E-09	-0.506978003	0.000277973	-0.512847714	7.64E-08
KIAA1211L	-0.197890361	0.000906848	-0.197767799	0.041549122	-0.204222784	0.004867309
KIAA1462	-0.271258554	0.000109241	-0.270914808	0.010598969	-0.277708982	0.000557692
KIFC3	-0.256082937	0.000831259	-0.259842337	0.03070345	-0.262620698	0.004601448
KLF5	-0.284401322	8.75E-05	-0.28410191	0.018845004	-0.290971125	0.001041128
KLHL3	0.57022317	1.06E-05	0.579426779	0.013017929	0.563849642	0.000195902
KLHL30	-0.281308304	0.002302044	-0.291970664	0.043033129	-0.287908429	0.013956074
KLHL5	-0.243866759	4.99E-05	-0.244209924	0.010840053	-0.250198133	0.000249131
KNL1	0.22920687	0.000758871	0.232804792	0.043037315	0.222232174	0.012924558
KRT17	-0.548080362	8.32E-13	-0.54253947	0.000113489	-0.554392375	8.76E-12
KRT24	-0.813788793	6.06E-07	-0.799467154	0.002225681	-0.820678745	1.50E-05
KRT7	-0.268631546	1.76E-07	-0.268432364	0.001587403	-0.275006086	3.34E-07
KRT9	-0.565980102	0.000673661	-0.576020121	0.020953933	-0.573059363	0.009240941
LA16c-431H6.6	-0.262793988	5.81E-06	-0.262286586	0.00572453	-0.269370101	0.000103497
LCN9	0.483790585	5.94E-08	0.471119596	0.004090748	0.47800162	2.50E-06
LDLRAD3	-0.248302954	2.59E-05	-0.248551011	0.009878641	-0.25483272	0.00041334
LHFP	-0.188078221	0.001046161	-0.188228118	0.043453889	-0.194344667	0.006155704
LIG4	0.488920126	0.000301102	0.493294592	0.038454367	0.482853495	0.003373876
LIMA1	-0.229873858	2.68E-05	-0.228910134	0.009713551	-0.236318907	0.000127187
LIMD1	-0.163215533	0.001080032	-0.162814715	0.034894019	-0.169847579	0.00438996
LIMK2	-0.183765823	0.000511559	-0.183884139	0.028271918	-0.19017609	0.002077058
LIN28A	-0.290713224	4.36E-07	-0.290278098	0.002469671	-0.297310287	9.32E-06
LMO2	-0.285573607	0.000119576	-0.283815679	0.01416482	-0.292051532	0.001341744
LNX1	-0.250721843	8.93E-05	-0.250233037	0.015493718	-0.257294079	0.000792717
LRIG1	0.445321847	6.41E-06	0.441438754	0.006646012	0.438829658	0.000203935
LRRC32	-0.388656447	0.001412631	-0.388018917	0.041549122	-0.395636535	0.010624177
LRRFIP1	-0.199358059	0.000603305	-0.19878725	0.03266582	-0.205551351	0.003770102
LY6D	-0.534843433	0.000350873	-0.533991349	0.016789638	-0.541554968	0.002977444
MAB21L3	-0.37513722	0.00036299	-0.370653125	0.020548923	-0.381882143	0.00341806
MAFF	-0.433215291	1.34E-08	-0.433950282	0.000486796	-0.439761326	9.37E-08
MAGED1	-0.179237713	0.000617904	-0.178776096	0.026918145	-0.185952288	0.003917772
MAML2	-0.261149414	0.001087416	-0.259303517	0.042693506	-0.267783251	0.009489588
MAP2K6	0.359346458	6.23E-06	0.362135399	0.008372809	0.353262789	7.53E-05
MAP3K3	0.337083579	2.23E-07	0.339585719	0.001574067	0.330543607	3.34E-06
MAPK3	-0.190477528	0.001021206	-0.190770636	0.039215037	-0.197044126	0.007809611
MAPK8IP2	-0.389215008	0.00120942	-0.3892081	0.036772545	-0.395858368	0.009550497
MBP	-0.223234037	0.000698465	-0.22878247	0.031854853	-0.229583623	0.006661307
MCTP2	-0.311552952	0.000780599	-0.30804082	0.033631744	-0.317815102	0.004590905
MCUB	0.213633846	0.000889589	0.212816095	0.037157089	0.207127037	0.007472426
MDGA1	-0.379112168	0.000362603	-0.370803083	0.019326339	-0.38591663	0.003789119
MED15	-0.190544426	0.00032499	-0.190015335	0.023916517	-0.197145679	0.003351988
MEX3B	-0.174399133	0.001860456	-0.17511532	0.048050594	-0.180821495	0.009416897
MFAP2	-0.236837979	0.001587058	-0.235954137	0.043033129	-0.243596506	0.012455822
MFAP5	-0.248295487	4.23E-05	-0.24721114	0.013017929	-0.254741594	0.000456877
MFSD4A	0.703401109	0.000327948	0.706364833	0.043453889	0.698259752	0.006546526
MGAT3	-0.158188296	0.001275011	-0.157767698	0.038079095	-0.164662165	0.004793253
MGAT4A	-0.217270273	0.000334339	-0.217191086	0.027704567	-0.223737196	0.002077058
MGC39584	-0.490516672	1.15E-06	-0.490601971	0.00195792	-0.497270206	1.69E-05
MGLL	-0.193295821	0.000434068	-0.19455071	0.027191527	-0.199747432	0.003617108
MIDN	-0.340815669	4.88E-05	-0.353330348	0.011268394	-0.347200332	0.000761569
MIIP	-0.255245645	0.000189445	-0.263638012	0.015874813	-0.261633509	0.001942497
MKL1	-0.220667149	0.000104117	-0.220498634	0.015650626	-0.22720717	0.001042668
MME	-1.051056685	0.000206714	-1.025347927	0.025470317	-1.065305928	0.037384574
MMP19	-0.175136192	0.000742235	-0.175900953	0.032282103	-0.181613188	0.004581865
MMP24	-0.337482327	6.03E-05	-0.338637364	0.008957751	-0.344138819	0.00051978
MOB3B	-0.199747834	0.001113945	-0.198885345	0.047313253	-0.206262994	0.008019561
MOCS2	0.384620618	3.66E-05	0.390614322	0.015146665	0.378679936	0.000488485
MRPL28	-0.154318956	0.002069606	-0.154346477	0.048546237	-0.160911511	0.008126247
MSI2	-0.200921599	7.44E-05	-0.200888136	0.011899756	-0.207557177	0.000353415
MTHFD1L	-0.269463252	5.92E-06	-0.267706754	0.006591308	-0.275402766	5.93E-05
MTM1	0.462048864	0.0004599	0.462757519	0.041549122	0.455836303	0.005074695
MTMR11	-0.329079803	0.000243503	-0.33383691	0.020586276	-0.335369199	0.002077058
MTSS1L	-0.216662387	7.71E-05	-0.216043673	0.012181985	-0.223242643	0.00116852
MXD1	-0.249266408	0.000109448	-0.246547831	0.016686189	-0.255856914	0.000920881
MYADM	-0.336329289	1.88E-09	-0.33522464	0.000587348	-0.343189903	1.59E-07
MYBBP1A	-0.171675006	0.001436145	-0.171707626	0.046955708	-0.178109358	0.006349364
MYBL1	0.638463636	0.000291678	0.647189985	0.043033129	0.632572292	0.004256931
MYBPC2	-0.608871646	2.90E-08	-0.601091536	0.000783138	-0.61566842	5.15E-07
MYC	-0.311503809	0.000407979	-0.310420684	0.032282103	-0.317708289	0.003770102
MYCN	-0.203822716	0.000250229	-0.204202864	0.020548923	-0.210381447	0.001593614
MYEOV	-0.453536864	7.64E-07	-0.459197738	0.002478304	-0.459444012	1.07E-05
MYL3	-0.510994978	1.92E-07	-0.510973637	0.00103714	-0.51765304	1.62E-06
MYO18A	-0.16108352	0.001862174	-0.161809333	0.047937809	-0.167548913	0.011597088
MYO7A	-0.25043445	4.33E-07	-0.250128592	0.00195792	-0.25707132	1.06E-06
MYOZ1	-0.555817259	6.62E-05	-0.546724433	0.011704067	-0.562567778	0.000768099
N4BP3	-0.247660016	6.46E-05	-0.246247669	0.015650626	-0.2545622	0.001609173
NAGA	0.180488738	0.001207081	0.181938846	0.043346755	0.173751599	0.017572427
NAV2	-0.294410086	3.45E-06	-0.292906643	0.005435285	-0.30110264	6.84E-05
NCBP2	-0.161462397	0.001466302	-0.162616849	0.042114656	-0.167951326	0.00553899
NDST1	-0.255375058	9.42E-06	-0.253995399	0.007176217	-0.262209728	0.000110589
NECTIN4	-0.18128372	0.001265289	-0.180314011	0.036858733	-0.18739795	0.006852651
NEDD9	-0.263536017	5.46E-05	-0.263336145	0.014037106	-0.270133913	0.000718345
NEK6	-0.207148607	2.86E-05	-0.207078263	0.007170702	-0.213550536	7.15E-05
NEURL1	-0.652954571	2.75E-19	-0.651092699	1.08E-05	-0.65985901	1.52E-16
NFATC2	-0.396556461	3.99E-08	-0.396474828	0.001334791	-0.402878841	5.29E-07
NFE2L3	-0.305651596	3.27E-07	-0.309251726	0.002270019	-0.311778439	5.89E-06
NIN	0.251136451	0.000313886	0.253115526	0.031067242	0.244500524	0.005817914
NLRP9	-0.598728119	5.37E-06	-0.588266753	0.002766035	-0.605609676	0.010366429
NMNAT2	-0.593813231	3.07E-22	-0.593688374	6.03E-06	-0.600496805	4.15E-20
NOCT	-0.350026779	1.88E-09	-0.35022214	0.000587451	-0.356571756	1.09E-07
NOL4L	-0.380160591	2.01E-07	-0.378235499	0.00195792	-0.386770468	5.78E-06
NOTCH3	-0.227276007	0.000295789	-0.225932956	0.028889876	-0.23417591	0.00432941
NPAS2	-0.375684823	4.41E-11	-0.376419386	0.000181544	-0.382365524	1.66E-09
NPPB	-0.549076632	1.92E-06	-0.555649818	0.005603723	-0.55389435	0.004820508
NQO1	0.406484342	1.41E-05	0.404110416	0.010674527	0.400152505	0.000267191
NRN1	-0.251964653	0.000180066	-0.250178099	0.026080619	-0.258606629	0.002641186
NRN1L	-0.421414256	0.000311053	-0.437004861	0.018402686	-0.428055054	0.002510748
NTN1	-0.280575918	1.53E-07	-0.279782095	0.001727425	-0.287364623	2.75E-06
NUAK1	-0.423616347	1.28E-15	-0.423334317	2.01E-05	-0.430146379	2.23E-16
NUAK2	-0.217313502	0.000292601	-0.218317202	0.025022348	-0.22360796	0.002638289
NUDT7	0.455673412	0.000228884	0.455175226	0.026659405	0.449438658	0.003694939
NUPR1	-0.298795625	9.51E-05	-0.301657314	0.017386229	-0.304602472	0.001375299
OBSCN	-0.204488333	0.00011489	-0.20576331	0.013950191	-0.210726504	0.000557692
OCRL	-0.188801294	0.000515549	-0.187698324	0.030598969	-0.195540518	0.00438996
OLFML1	-0.409188285	2.10E-09	-0.408479931	0.000436429	-0.415774149	2.36E-08
OLR1	-0.957951516	7.59E-23	-0.957599789	4.13E-06	-0.964308556	1.31E-23
ORAI1	0.295984129	0.000519249	0.296716185	0.036167029	0.289152325	0.008306797
OSBPL3	-0.248879761	0.000217492	-0.250866906	0.01999265	-0.255328757	0.001945435
OSBPL6	-0.357293598	9.92E-07	-0.358128112	0.002212612	-0.36387329	8.52E-06
P2RY2	-0.553768244	4.21E-09	-0.542521692	0.000783138	-0.561156539	1.09E-07
P3H2	-0.32638584	0.000478733	-0.323364216	0.020586276	-0.333241341	0.004712074
PADI1	-0.644041862	2.08E-13	-0.647854635	0.000108353	-0.649752552	4.81E-12
PAK1	-0.218703002	7.75E-05	-0.218972376	0.013427491	-0.225240548	0.001161172
PALLD	-0.21474408	0.000205757	-0.214416391	0.022386459	-0.221599258	0.002234037
PALM2-AKAP2	-0.392309438	5.51E-08	-0.392277164	0.001837899	-0.398454604	1.31E-06
PALM3	-0.210022284	0.000766779	-0.213067898	0.035923709	-0.216192497	0.0072667
PCSK5	-0.222642479	7.31E-05	-0.221612459	0.013571118	-0.229376538	0.000767598
PDE4D	-0.398461182	0.001207255	-0.395699063	0.036858733	-0.405097335	0.008425326
PDE6D	0.531576847	5.61E-07	0.536911812	0.006450852	0.524722625	2.46E-05
PDK1	-0.205024363	0.000532921	-0.20403117	0.035890974	-0.211438521	0.002364733
PHC1	-0.21874916	2.50E-05	-0.219535201	0.006500283	-0.225280918	0.000132427
PHF6	0.246881293	5.90E-05	0.249226211	0.01204177	0.240147179	0.001047848
PHKA2	-0.203074751	3.50E-05	-0.203271641	0.007984053	-0.209642872	9.00E-05
PHLPP2	0.631399217	1.96E-05	0.623420834	0.021714675	0.625122295	0.00036224
PHYH	0.360770084	0.000114372	0.364774963	0.017674701	0.354676539	0.001347372
PICALM	-0.234663625	1.75E-05	-0.234682644	0.006460571	-0.241061335	9.45E-05
PIM3	-0.242772319	8.33E-06	-0.245283428	0.005824959	-0.249248047	0.000147571
PITPNC1	-0.405982117	4.76E-08	-0.403061325	0.001543607	-0.412940363	2.04E-06
PKD2	0.451955382	4.02E-06	0.453945748	0.006736439	0.445318795	7.43E-05
PLA2G2F	-0.36367322	7.07E-05	-0.370903291	0.006272437	-0.370322348	0.00051978
PLAC8	-0.254175543	1.87E-05	-0.253436086	0.009587506	-0.261136126	0.000300244
PLB1	-0.536317584	1.45E-11	-0.53374014	0.000113026	-0.543038218	4.11E-10
PLBD1-AS1	0.42308251	0.000289898	0.418853147	0.03266582	0.416550279	0.004793253
PLCD4	-0.496113006	3.35E-09	-0.49127238	0.000301317	-0.50295795	4.94E-08
PLEKHA2	-0.293490774	4.53E-05	-0.292713902	0.013017929	-0.3002545	0.001002532
PLEKHA6	-0.315103544	2.21E-08	-0.315430003	0.001092224	-0.321684492	5.29E-07
PLEKHG1	-0.267692792	2.25E-05	-0.266209814	0.010026802	-0.274325801	0.000352035
PLEKHG3	-0.224995722	3.21E-06	-0.225931496	0.003176417	-0.231533069	7.73E-06
PLEKHG6	-0.21087506	2.66E-05	-0.211313583	0.007176217	-0.217395289	0.000226564
PLEKHM1P1	-0.418508525	1.14E-05	-0.419422805	0.00516814	-0.424890346	7.15E-05
PLPPR3	-0.367769413	0.000556312	-0.376206123	0.025842422	-0.37453525	0.004867309
PNKD	-0.309662906	1.02E-07	-0.311640568	0.001727425	-0.316086156	3.26E-06
POLR3D	-0.177322805	0.000454518	-0.176878962	0.024366605	-0.184028254	0.002786495
POMP	-0.22493899	0.000383557	-0.223782155	0.03165739	-0.231390343	0.004281604
POR	-0.174003503	0.000888893	-0.172685044	0.037003036	-0.180579607	0.006706745
PPARG	-0.19076589	0.000526863	-0.190354409	0.030666615	-0.19710584	0.003421671
PPFIBP2	-0.174086135	0.000375975	-0.17407047	0.021660693	-0.180566358	0.000931243
PPM1M	0.44271255	0.000272296	0.449190836	0.032945983	0.435824011	0.003605919
PPME1	-0.222811586	3.84E-06	-0.222651135	0.003563544	-0.229388395	1.29E-05
PPP1R15A	-0.308943854	2.96E-07	-0.309776936	0.002469671	-0.31523051	6.04E-06
PPP1R36	-0.525325108	0.000307654	-0.532892252	0.013809422	-0.531711295	0.002455731
PRKAG1	0.243779266	7.85E-05	0.242748166	0.015690329	0.237157963	0.001581824
PRKAR1B	-0.278946442	0.000204816	-0.286513547	0.01402882	-0.28540415	0.001220573
PROCR	-0.204046025	0.000446799	-0.205088215	0.021714675	-0.210642092	0.002417828
PRPF31	-1.147706765	1.10E-09	-1.135609884	0.000980759	-1.158005939	7.47E-05
PRPS1	0.358157945	3.53E-05	0.360165122	0.009281552	0.351810071	0.000502239
PRSS22	-0.467824036	3.58E-17	-0.469368418	1.94E-05	-0.473954844	1.58E-16
PRSS8	-0.185478879	0.001501726	-0.186561017	0.043453889	-0.191940093	0.014168346
PSCA	-0.364579304	0.000358179	-0.360944375	0.023805286	-0.3713439	0.003694939
PSEN2	0.351191263	0.000138674	0.351885931	0.021853449	0.344753623	0.002233531
PSMB10	-0.214608872	0.002314117	-0.218865481	0.043559703	-0.22123912	0.011338181
PSMD5-AS1	0.320287228	0.00020511	0.316510376	0.032282103	0.313766834	0.0023942
PTGES	-0.201258218	0.001074895	-0.208346953	0.042556906	-0.207505492	0.009823269
PTGFRN	-0.376998242	1.26E-09	-0.376777478	0.000498663	-0.383533171	2.69E-08
PTGIS	-0.523377831	2.28E-05	-0.52502415	0.003755692	-0.530250434	0.000349381
PTRF	-0.375493208	0.000134971	-0.364627888	0.020339095	-0.381988904	0.001161172
PXDC1	-0.271093659	9.62E-06	-0.270988284	0.006915592	-0.277647978	0.000122243
PXDN	-0.226346823	6.24E-05	-0.225996041	0.013427491	-0.233099496	0.000740385
RAC3	-0.177997642	0.001109716	-0.176910578	0.042556906	-0.184520296	0.007219021
RALGAPA1	0.29556427	5.38E-05	0.296498935	0.013393524	0.289172239	0.000751104
RASSF1	-0.202192925	0.003058649	-0.204084018	0.047937809	-0.208949166	0.013207686
RASSF2	-0.235082428	5.98E-05	-0.236866932	0.013298381	-0.241541323	0.000529366
RCAN1	-0.349041723	2.96E-05	-0.347148989	0.012502428	-0.355355525	0.00026366
RELT	-0.313633435	0.00040769	-0.313668051	0.022023946	-0.320073709	0.002701464
RFX1	-0.199817181	0.001122371	-0.200530418	0.041411679	-0.206197516	0.005698681
RGL1	-0.258515873	2.45E-06	-0.259514446	0.002529873	-0.265106296	5.84E-06
RGS16	-0.206517328	0.000346001	-0.206623949	0.027574969	-0.213126978	0.002228681
RHPN2	-0.192018651	0.000408196	-0.192114919	0.027114243	-0.198620063	0.002858538
RIDA	0.374801154	0.000298066	0.378163743	0.029182114	0.368751384	0.002835062
RNF126	-0.198797685	0.000618456	-0.200378851	0.03330876	-0.205109094	0.005525756
RNF144B	-0.562364626	5.32E-18	-0.561768976	1.08E-05	-0.568870431	2.00E-17
RNF217	-0.265123831	0.000291777	-0.264117111	0.027191527	-0.271699727	0.002780814
RNF223	-0.298257956	0.000461796	-0.300906136	0.02830129	-0.304681207	0.004895561
RNF43	-0.42505846	3.49E-05	-0.417397457	0.012207156	-0.432392315	0.000464453
RP11-1069G10.2	-0.394733488	0.000108578	-0.406092692	0.01079869	-0.400968257	0.000678575
RP11-110G21.1	0.527301722	2.64E-05	0.536852667	0.013953855	0.520759676	0.000506616
RP11-162P23.2	-0.245383812	2.87E-06	-0.244800094	0.003885863	-0.251686139	1.07E-05
RP11-20D14.6	-0.40107981	0.000922018	-0.41010841	0.035890974	-0.407578176	0.006713457
RP11-214O1.2	-0.452899398	0.000435212	-0.457761093	0.021215292	-0.458797135	0.002774761
RP11-311C24.1	-0.216579189	0.001296562	-0.220341576	0.048926334	-0.223063001	0.014325441
RP11-400F19.6	0.294942891	8.71E-05	0.292849484	0.018197586	0.288266269	0.002007882
RP11-40A7.2	-0.448395641	2.93E-10	-0.451281999	0.000181544	-0.455074776	4.49E-09
RP11-418J17.1	0.277056557	0.000212375	0.274479992	0.023428324	0.270404391	0.002103488
RP11-439C15.6	-0.846981412	3.23E-06	-0.807449856	0.01933817	-0.854166583	2.37E-05
RP11-49K24.6	0.239492772	0.001000517	0.242825819	0.042693506	0.233356808	0.008792465
RP11-49P4.7	-0.427603523	0.001231231	-0.440181507	0.028345333	-0.434360123	0.012708431
RP11-525K10.3	-0.670637975	5.66E-06	-0.671302929	0.004127542	-0.67712055	0.000140016
RP11-54C4.3	0.403566057	0.000327992	0.395206566	0.027447052	0.397050476	0.005514968
RP11-566K11.2	0.420963149	6.38E-06	0.429598062	0.006526739	0.414464047	0.000141394
RP11-800A3.4	-0.563592787	3.31E-07	-0.551054236	0.002000229	-0.570756584	6.04E-06
RP5-1021I20.4	-0.173141188	0.001436473	-0.171948944	0.049623518	-0.179489677	0.00550518
RP5-1065P14.2	-0.31498778	9.10E-07	-0.317178836	0.00195792	-0.321562484	3.70E-06
RP5-1148A21.3	0.597149908	0.000237207	0.582914532	0.041549122	0.59160433	0.004637038
RUSC2	-0.243093815	0.000373863	-0.247386588	0.017674701	-0.249607622	0.002330376
S100A11	-0.228868376	9.35E-05	-0.229160428	0.013986159	-0.235440372	0.001024675
S100A14	-0.281580395	0.000859678	-0.277508838	0.043842703	-0.288119237	0.00555997
S100A16	-0.370147365	3.50E-11	-0.371480665	0.000181544	-0.376672828	5.87E-11
S100A4	-0.353860844	0.000926938	-0.354484744	0.023322044	-0.360369124	0.007472426
S1PR2	-0.250079222	2.36E-05	-0.250879328	0.009003406	-0.256854336	0.000535129
SAA1	-0.786251744	1.22E-09	-0.803195341	0.000219337	-0.793053262	1.43E-08
SACS	0.395203667	8.53E-05	0.401642837	0.017240216	0.388697706	0.001091727
SALL4	-0.279837168	1.07E-06	-0.279732024	0.00296958	-0.286526267	1.23E-05
SAMHD1	0.339920845	0.000318156	0.342523558	0.029200179	0.333352927	0.004867309
SCARA3	-0.27767121	2.39E-06	-0.276678488	0.004454832	-0.284510735	4.76E-05
SCHIP1	-0.364328519	1.52E-07	-0.364420673	0.001412496	-0.370831146	1.44E-06
SDHA	-0.208596854	7.62E-05	-0.20763293	0.012236187	-0.215062954	0.000424841
SEC24D	-0.266497928	3.00E-05	-0.262161014	0.013874111	-0.273494458	0.000832326
SEMA6C	0.371748242	0.000606842	0.37564765	0.036979561	0.3655544	0.007718124
SEMA6D	-0.568588678	8.62E-06	-0.565878071	0.00547609	-0.575358005	0.000117878
11-Sep	-0.189345113	0.000574545	-0.189217599	0.032097316	-0.195932064	0.003278213
3-Sep	-0.341836279	1.55E-08	-0.342482177	0.000986689	-0.348294888	1.36E-06
8-Sep	-0.196329911	9.38E-05	-0.196165378	0.012593471	-0.202974375	0.000422048
SERPINB6	-0.273246103	2.15E-05	-0.276911466	0.008641499	-0.279679768	0.000455187
SERPINB9	-0.242635006	4.05E-05	-0.245652843	0.009125037	-0.248922034	0.000391441
SERPINE1	-0.402161517	1.11E-14	-0.401217624	4.39E-05	-0.408933226	2.29E-13
SERTAD2	-0.224190873	0.000752772	-0.225754627	0.044349133	-0.230985276	0.006852651
SFMBT2	-0.230902861	0.002425107	-0.234606639	0.048953092	-0.237308609	0.013589127
SH2B2	-0.207123428	0.000594423	-0.207719546	0.032097316	-0.213564515	0.00544941
SH3BP4	-0.267912105	4.64E-06	-0.267695902	0.005584132	-0.274304948	4.76E-05
SHROOM1	0.415306254	1.61E-05	0.412744491	0.010440654	0.408985152	0.000325574
SIAE	0.237294624	7.31E-05	0.237197028	0.015874813	0.230468367	0.002020901
SIMC1	0.317606941	0.000116579	0.319768915	0.012799629	0.311202246	0.001468262
SKIDA1	-0.247487795	9.03E-06	-0.246876226	0.006076518	-0.254110129	0.000117789
SLA	-0.678653205	4.02E-05	-0.672288133	0.008285922	-0.684911258	0.000557692
SLBP	0.29309537	6.54E-05	0.294938449	0.011268394	0.286917271	0.000607222
SLC12A3	-0.555020329	1.14E-06	-0.569902686	0.002957737	-0.562081955	1.13E-05
SLC12A8	-0.31036936	0.001680155	-0.304278835	0.048926334	-0.316964701	0.012455822
SLC13A3	-0.192909498	0.00049094	-0.19207092	0.024956856	-0.199421107	0.002501618
SLC15A2	-0.797663634	3.14E-12	-0.8014699	8.97E-05	-0.804042613	5.28E-12
SLC15A3	-0.275840854	0.000123605	-0.280898163	0.012043321	-0.282239884	0.000767598
SLC1A3	-0.200145244	0.000793514	-0.199671558	0.042114656	-0.206958579	0.004808401
SLC1A6	-0.649834608	5.39E-07	-0.64481812	0.001737643	-0.656566909	8.34E-06
SLC22A11	-0.821455229	2.08E-06	-0.850649844	0.002311919	-0.828176289	6.69E-05
SLC25A25	-0.311924701	6.51E-05	-0.312341368	0.012502428	-0.318038994	0.00041334
SLC25A30	0.552145643	0.000120295	0.560398713	0.021714675	0.545833655	0.002045662
SLC2A1	-0.218563851	0.000620908	-0.217577882	0.031152615	-0.224943088	0.006375845
SLC2A10	-0.316293699	2.22E-10	-0.315660191	0.000213478	-0.323037049	1.42E-09
SLC34A2	-0.280314208	0.000605183	-0.283435999	0.042556906	-0.286180092	0.00568885
SLC35A1	0.246768233	0.000904256	0.250454271	0.035890974	0.24054035	0.008222973
SLC3A2	-0.255790494	8.45E-06	-0.256727137	0.006266136	-0.262034909	0.000167277
SLC41A1	-0.352755018	3.09E-10	-0.35343552	0.000301317	-0.359409008	8.40E-09
SLC44A2	-0.194409949	5.18E-05	-0.194331719	0.007304518	-0.201069709	0.000257762
SLC5A6	-0.185365362	0.000457646	-0.18774796	0.022635796	-0.191679915	0.003240002
SLC6A19	-0.417412262	1.26E-11	-0.416818037	0.000181544	-0.424397475	1.54E-09
SLC6A2	-0.541566216	0.000146608	-0.534704298	0.01323266	-0.548530421	0.002064365
SLC7A5	-0.232607497	0.000466974	-0.23481665	0.028600706	-0.238775112	0.004741724
SLCO2B1	-0.78942574	1.19E-05	-0.773588365	0.007877366	-0.796964295	0.000352035
SLF2	0.265877496	0.000184854	0.267001931	0.018197586	0.25944347	0.002397728
SLTM	-0.252763654	0.000219989	-0.251824415	0.026991226	-0.259322956	0.002695361
SMAD3	-0.283749694	1.78E-06	-0.283794088	0.003755692	-0.290332828	5.50E-05
SMIM3	-0.246759755	1.01E-06	-0.247063718	0.002472435	-0.253147829	1.91E-06
SMS	-0.207514673	0.000132887	-0.207430255	0.015650626	-0.213867595	0.000934566
SNX8	-0.235231437	5.02E-05	-0.23474105	0.01307797	-0.241764283	0.00051978
SOCS3	-0.342013582	7.09E-07	-0.341458792	0.002822022	-0.348625728	2.31E-05
SORL1	-0.289503613	0.00020228	-0.288295306	0.029590871	-0.296787426	0.003309604
SOX13	-0.172869192	0.001213538	-0.17205091	0.044349133	-0.179735376	0.009156852
SOX15	-0.676281482	1.99E-11	-0.69048165	0.000154039	-0.682546966	3.36E-10
SP2	-0.229269239	0.00065203	-0.227770998	0.037845841	-0.236137088	0.008518666
SPAG4	-0.229135445	0.000248637	-0.230458466	0.020586276	-0.235776356	0.002228681
SPNS2	-0.246160995	6.07E-05	-0.247851303	0.012207156	-0.252420175	0.000832326
SPNS3	-0.417263264	1.10E-06	-0.415959561	0.001833129	-0.423650865	1.03E-05
SPPL2A	0.237561116	0.00044444	0.240490104	0.032282103	0.230667559	0.007941423
SPRY1	-0.349706287	0.000668632	-0.346200708	0.044080486	-0.356826419	0.006771085
SPRY4	-0.729667137	5.36E-13	-0.741036285	4.39E-05	-0.73609644	2.48E-12
SRPK2	0.259645792	5.77E-05	0.25851472	0.01084565	0.253230559	0.000600383
SSX2IP	0.353487395	0.000200491	0.358825854	0.023805286	0.347325435	0.002199271
ST3GAL1	-0.260614159	6.51E-06	-0.260110666	0.00605667	-0.267228395	0.000173689
ST3GAL6	-0.188190287	0.001655295	-0.187956748	0.049563948	-0.194589416	0.010000224
STAB2	-0.365050972	4.15E-09	-0.364883679	0.000546597	-0.371679961	4.81E-08
STARD8	-0.267851714	0.000419988	-0.262576582	0.022761507	-0.274462692	0.003075112
STBD1	-0.316308079	6.10E-08	-0.316128819	0.001493641	-0.322800556	1.08E-06
STK10	-0.19313628	0.000405394	-0.192627953	0.027704567	-0.199936421	0.003783612
STK11IP	-0.194895497	0.001137512	-0.193580075	0.041549122	-0.201466383	0.006754442
STK17A	0.462347903	2.63E-06	0.461051409	0.004454832	0.455986135	6.85E-05
STK24	-0.285600334	4.93E-07	-0.28523242	0.002469671	-0.292405731	1.50E-05
STK39	0.358362087	0.000456774	0.359382978	0.031299764	0.35198336	0.006728803
STXBP1	0.281710734	1.48E-05	0.282258625	0.010840053	0.275108245	0.000678575
STXBP5	0.363230781	3.06E-05	0.370311257	0.010243271	0.356665088	0.000403412
SUV39H1	-0.172910536	0.001361348	-0.174602769	0.043167658	-0.179434458	0.010849426
SVIP	0.403961102	0.000212847	0.397675075	0.043559703	0.397758817	0.002364733
SWAP70	-0.208961153	6.03E-05	-0.208812689	0.011573698	-0.215378898	0.000241515
SYDE1	-0.544293507	2.32E-13	-0.543154557	0.000127412	-0.550911717	2.36E-11
SYN2	-0.38995335	0.000688961	-0.388630145	0.029200179	-0.396595494	0.004793253
SYNE1	-0.579937015	0.000168664	-0.568854334	0.015494387	-0.587042782	0.00236581
SYT17	-0.244982862	0.000275797	-0.24196909	0.020586276	-0.251557137	0.002220639
TACC1	-0.229319537	5.12E-05	-0.229330961	0.012181985	-0.236062768	0.00067084
TAF12	0.340024987	0.00056092	0.345899203	0.043497654	0.333812113	0.006441537
TBC1D2	-0.246142941	3.68E-06	-0.245005106	0.004127542	-0.252902125	2.20E-05
TBC1D22A	-0.215900336	8.27E-05	-0.215461225	0.013874111	-0.222591379	0.000713783
TEKT5	-0.423026108	1.89E-05	-0.41901149	0.006578822	-0.429483922	0.000257762
TENM3	0.237966749	0.000521722	0.238111308	0.043453889	0.231271268	0.00887638
TEX19	-0.363371606	0.000380817	-0.364440901	0.017652981	-0.370080259	0.004014821
TFAP2A	-0.279771479	8.85E-05	-0.279693109	0.013953855	-0.286423105	0.00095885
TFRC	-0.289309326	4.07E-05	-0.291719276	0.013734592	-0.296498706	0.000391441
TGIF2	-0.271224979	1.61E-06	-0.269908495	0.003939877	-0.278115249	3.93E-05
TGM1	-0.285392286	0.000269523	-0.290997985	0.024490126	-0.291297433	0.002577102
TGM2	-0.748744392	3.28E-17	-0.743627528	1.08E-05	-0.755624461	3.30E-16
TINAGL1	-0.185217087	0.000203006	-0.187392536	0.013427491	-0.19159306	0.000761479
TJP2	-0.234148443	2.90E-06	-0.23341544	0.003611351	-0.240526564	4.06E-06
TKTL1	-0.920415274	4.23E-07	-0.903248626	0.002038849	-0.928449537	1.61E-05
TLN2	-0.200002918	0.000182881	-0.200448084	0.016686189	-0.206515711	0.001523688
TMBIM1	-0.245780366	4.64E-06	-0.245268307	0.004084045	-0.252370282	8.07E-05
TMCC2	0.589868143	0.000155217	0.578406081	0.035890974	0.583945791	0.003802114
TMEM106B	0.319529857	4.94E-08	0.320888415	0.001574067	0.313147638	7.13E-07
TMEM110	-0.166982886	0.000782156	-0.166890496	0.030252581	-0.1735401	0.002641186
TMEM110-MUSTN1	-0.159665143	0.001209101	-0.159566469	0.03690239	-0.166182446	0.003389931
TMEM184A	-0.273295858	3.22E-05	-0.275539253	0.006460571	-0.27983718	0.00024194
TMEM19	0.328812074	6.12E-05	0.327756082	0.015834241	0.321986483	0.001242576
TMEM2	-0.221213638	4.49E-05	-0.220560503	0.011268394	-0.227828392	0.000300244
TMEM31	-0.323356656	0.000383313	-0.322139097	0.020586276	-0.330260919	0.004578282
TMEM38B	0.221250057	0.00058853	0.219099345	0.03877338	0.214662176	0.012131734
TMEM39A	-0.170182113	0.000898263	-0.169560993	0.036422678	-0.176884757	0.005530668
TMEM40	-0.321607992	3.02E-05	-0.326312772	0.006066528	-0.328212967	0.000169735
TMEM52B	-0.895902111	1.40E-08	-0.8789131	0.00065772	-0.904108462	1.90E-06
TMEM91	-0.294679603	0.000303772	-0.296505329	0.01933817	-0.301375218	0.003377404
TMOD1	-0.360647055	2.38E-05	-0.367207647	0.0074461	-0.366952123	0.000300244
TMPRSS4	-0.440502951	1.63E-05	-0.435194771	0.003755692	-0.446851433	0.00016866
TMX4	0.405988434	0.000807255	0.40359838	0.048953092	0.399427219	0.010817643
TNFAIP1	-0.154544987	0.002183209	-0.154719229	0.049563948	-0.161081657	0.006713457
TNFAIP2	-0.273300378	4.09E-06	-0.275695177	0.005095474	-0.279414228	5.48E-05
TNFRSF19	-0.423281148	2.06E-06	-0.418028147	0.002138755	-0.430123251	2.35E-05
TNFSF10	-0.323582498	3.22E-08	-0.323547888	0.001263828	-0.329599849	6.07E-07
TNIP1	-0.174277852	0.000803294	-0.173265965	0.035188146	-0.180755074	0.004590905
TNNT3	-0.342759895	1.63E-05	-0.350389202	0.006371205	-0.349392724	0.000112232
TOMM34	-0.309163734	8.06E-08	-0.311456358	0.001580575	-0.315569846	1.64E-06
TP63	-0.236026449	8.86E-05	-0.234231264	0.017166308	-0.242956825	0.00114567
TPM3P9	-0.26544514	0.00087129	-0.270217859	0.029511937	-0.272146246	0.00473862
TPM4	-0.227235364	4.71E-05	-0.227924013	0.008555491	-0.233746774	0.000636816
TPRXL	-0.424542177	0.00022349	-0.433420892	0.014326553	-0.43119069	0.002331084
TPST2	-0.312361731	6.85E-06	-0.313266146	0.005323024	-0.318685754	6.73E-05
TRAK1	-0.206795354	2.75E-05	-0.207213119	0.006939566	-0.213295634	4.99E-05
TRIB1	-0.2492493	2.65E-06	-0.248595774	0.003755692	-0.255987705	4.85E-05
TRIM29	-0.515973077	9.60E-07	-0.502224113	0.005097162	-0.523912346	0.003421671
TRIP10	-0.225846632	1.88E-05	-0.224687858	0.007899012	-0.23222237	0.000130349
TRIP6	-0.262207211	6.58E-07	-0.263150475	0.002311919	-0.268477605	7.62E-06
TRPC1	0.35433408	0.000214457	0.355594689	0.029200179	0.347969595	0.002220639
TSKU	-0.211712068	0.000198692	-0.210682028	0.021152761	-0.218512201	0.002622777
TSPAN3	0.185437101	0.00051231	0.186059269	0.030005505	0.17882114	0.006706745
TSPYL2	-0.348476336	8.65E-07	-0.35919206	0.00287318	-0.354634063	2.34E-05
TTC39C	-0.232868076	0.000341767	-0.23191753	0.025059367	-0.239333845	0.002827242
TTL	0.30642735	0.000352935	0.305975308	0.032282103	0.300036777	0.004458415
TTPAL	0.268869784	0.000150486	0.268347805	0.015650626	0.262355692	0.001609173
TUBB3	0.543467617	1.84E-06	0.550406356	0.006266136	0.537327746	4.76E-05
TUFT1	-0.19065883	0.000247662	-0.190636097	0.020586276	-0.197138041	0.002064364
TXNRD2	-0.323911234	0.001405543	-0.32010941	0.041549122	-0.330157265	0.011047408
UBASH3B	-0.246565162	1.90E-05	-0.244934396	0.009186784	-0.253335992	0.00041334
UBE2QL1	-0.332878631	0.002810127	-0.336175603	0.043252421	-0.339490377	0.020849119
UCA1	-0.424392599	2.94E-07	-0.434204397	0.001333551	-0.430940887	2.82E-06
UMAD1	0.281782218	0.00011562	0.284883958	0.014643291	0.275402635	0.001341744
UNC13D	-0.20512651	0.000209894	-0.205305448	0.020548923	-0.211390881	0.001171824
USHBP1	-0.240596849	0.000125449	-0.244589995	0.014168031	-0.24697304	0.0007981
USP18	-0.221053592	5.77E-05	-0.220772908	0.010440654	-0.227572065	0.000557769
USP43	-0.302307588	7.42E-06	-0.299296852	0.004631367	-0.308931992	6.52E-05
USP45	0.452916122	0.00046546	0.45923121	0.043167658	0.447141891	0.004375451
VASP	-0.181676534	0.001483979	-0.185347455	0.04253738	-0.188177316	0.011055914
VGLL1	-0.218706671	4.67E-05	-0.219402221	0.010723565	-0.22515539	0.000281437
VPS37C	-0.296081899	5.56E-09	-0.295882576	0.000567898	-0.302578084	3.42E-08
VWF	-0.43188309	6.07E-05	-0.417900279	0.01204177	-0.439020165	0.000749304
WARS	-0.180500693	0.001019013	-0.18115438	0.04206896	-0.186976619	0.009032948
WDR18	-0.171931429	0.001599564	-0.173703461	0.047518349	-0.178363636	0.012498454
WDR41	0.22461531	0.00030376	0.224850597	0.026024551	0.21824436	0.003048738
WDR47	0.285641895	0.001012261	0.283118784	0.039626736	0.279101328	0.011917306
WDR5B	0.472585115	0.000104588	0.459131025	0.030017631	0.465926628	0.001542018
WDR91	0.236687706	0.000897085	0.233632009	0.043559703	0.230106144	0.009865466
WHAMM	-0.254332786	0.000569067	-0.258929905	0.019326339	-0.261101299	0.003240002
WLS	-0.319221054	1.75E-10	-0.318673695	0.000193318	-0.325906727	1.72E-09
WNT7A	-0.293634197	1.17E-07	-0.293799317	0.001587403	-0.30018778	1.91E-06
ZC2HC1A	0.644811847	1.52E-05	0.645864766	0.016497878	0.639565026	0.000241396
ZC3H6	0.308540678	3.93E-05	0.310213604	0.013017929	0.302335735	0.000630438
ZCRB1	0.305459017	0.000708056	0.314590234	0.043559703	0.299224819	0.008425326
ZFP36L2	-0.482408256	2.60E-08	-0.483865548	0.000700512	-0.489181892	4.07E-07
ZNF277	0.307250137	0.000313107	0.309042953	0.025652573	0.300834328	0.003373876
ZNF331	-0.279212407	3.58E-05	-0.284164668	0.011268394	-0.28544957	0.000300244
ZNF337-AS1	0.524193102	0.000324699	0.522390888	0.032383879	0.517846882	0.004800895
ZNF410	-0.185707517	0.000764504	-0.184509519	0.038324984	-0.192068916	0.003380551
ZNF415	0.349358499	0.001345699	0.359483777	0.043453889	0.342859202	0.013445861
ZNF44	-0.351485634	0.000290723	-0.368592656	0.016480819	-0.358123697	0.001785852
ZNF445	0.174456411	0.00131129	0.174358262	0.04599611	0.167945967	0.014692166
ZNF45	0.432759979	4.08E-06	0.429338322	0.006460571	0.426333065	9.51E-05
ZNF493	0.43646567	1.60E-05	0.430991757	0.010674527	0.429794699	0.000281437
ZNF532	-0.389971279	1.84E-07	-0.3855574	0.001749061	-0.396912683	3.31E-06
ZNF681	0.305635996	0.000422087	0.303297892	0.031854853	0.299070738	0.003879589
ZNF706	-0.194360283	0.000790615	-0.195571845	0.036093801	-0.20081228	0.005628199
ZRANB2	0.270015693	0.000203978	0.269365533	0.031575207	0.263645282	0.003075112
ZSWIM6	0.267872732	0.001605204	0.26769272	0.047937809	0.26140758	0.014996633
